--- ARDUINO 1: SENSOR AHT20 ---
Sensor AHT20 inicializado correctamente.
Tiempo(ms),Humedad_AHT20(%),Temp_AHT20(C)
1000,32.97,25.36
2000,33.11,25.38
3000,33.21,25.39
4000,33.28,25.38
5000,33.33,25.39
6000,33.35,25.38
7000,33.34,25.39
8000,33.34,25.37
9000,33.33,25.40
10000,33.29,25.39
11000,33.29,25.38
12000,33.26,25.38
13000,33.29,25.40
14000,33.23,25.42
15000,33.20,25.47
16000,33.19,25.51
17000,33.14,25.55
18000,33.14,25.60
19000,33.14,25.61
20000,33.19,25.66
21000,33.22,25.71
22000,33.33,25.75
23000,33.35,25.79
24000,33.38,25.83
25000,33.48,25.86
26000,33.47,25.90
27000,33.51,25.96
28000,33.58,25.98
29000,33.56,26.03
30000,33.63,26.06
31000,33.65,26.12
32000,33.62,26.15
33000,33.66,26.19
34000,33.65,26.22
35000,33.67,26.25
36000,33.66,26.30
37000,33.64,26.37
38000,33.72,26.42
39000,33.74,26.47
40000,33.72,26.51
41000,33.74,26.58
42000,33.74,26.64
43000,33.71,26.70
44000,33.72,26.77
45000,33.75,26.82
46000,33.74,26.90
47000,33.75,26.96
48000,33.79,27.03
49000,33.80,27.10
50000,33.78,27.17
51000,33.80,27.23
52000,33.81,27.31
53000,33.78,27.37
54000,33.77,27.44
55000,33.81,27.51
56000,33.78,27.61
57000,33.77,27.71
58000,33.77,27.82
59000,33.76,27.93
60000,33.73,28.02
61000,33.64,28.10
62000,33.63,28.22
63000,33.61,28.33
64000,33.54,28.44
65000,33.54,28.55
66000,33.44,28.65
67000,33.33,28.77
68000,33.25,28.88
69000,33.11,28.95
70000,33.11,29.02
71000,32.96,29.04
72000,32.91,29.16
73000,32.88,29.26
74000,32.83,29.38
75000,32.73,29.48
76000,32.67,29.62
77000,32.58,29.72
78000,32.51,29.82
79000,32.38,29.95
80000,32.29,30.08
81000,32.19,30.20
82000,32.06,30.32
83000,31.93,30.45
84000,31.82,30.56
85000,31.67,30.66
86000,31.57,30.78
87000,31.47,30.89
88000,31.34,31.02
89000,31.23,31.13
90000,31.07,31.27
91000,30.92,31.38
92000,30.85,31.48
93000,30.72,31.61
94000,30.56,31.71
95000,30.50,31.85
96000,30.32,31.99
97000,30.23,32.12
98000,30.08,32.23
99000,29.93,32.34
100000,29.83,32.48
101000,29.71,32.61
102000,29.58,32.75
103000,29.50,32.87
104000,29.34,32.97
105000,29.18,33.01
106000,29.05,33.07
107000,28.93,33.13
108000,28.78,33.21
109000,28.67,33.27
110000,28.53,33.35
111000,28.43,33.44
112000,28.29,33.49
113000,28.16,33.59
114000,28.03,33.60
115000,27.85,33.63
116000,27.70,33.67
117000,27.66,33.66
118000,27.49,33.75
119000,27.44,33.93
120000,27.37,34.06
121000,27.20,34.20
122000,27.14,34.31
123000,26.99,34.36
124000,26.86,34.34
125000,26.75,34.37
126000,26.60,34.52
127000,26.53,34.60
128000,26.42,34.64
129000,26.33,34.72
130000,26.25,34.84
131000,26.11,35.01
132000,25.98,35.16
133000,25.89,35.27
134000,25.73,35.39
135000,25.60,35.52
136000,25.44,35.68
137000,25.28,35.80
138000,25.17,35.94
139000,25.01,36.04
140000,24.82,36.16
141000,24.68,36.26
142000,24.50,36.32
143000,24.35,36.44
144000,24.20,36.51
145000,23.99,36.52
146000,23.84,36.53
147000,23.66,36.54
148000,23.51,36.58
149000,23.45,36.62
150000,23.32,36.66
151000,23.20,36.78
152000,23.13,36.92
153000,23.00,37.01
154000,22.90,37.06
155000,22.81,37.17
156000,22.72,37.32
157000,22.62,37.44
158000,22.46,37.55
159000,22.39,37.69
160000,22.28,37.81
161000,22.18,37.92
162000,22.09,38.03
163000,21.96,38.16
164000,21.88,38.24
165000,21.79,38.32
166000,21.70,38.39
167000,21.60,38.46
168000,21.49,38.54
169000,21.45,38.63
170000,21.37,38.73
171000,21.28,38.82
172000,21.26,38.92
173000,21.17,39.04
174000,21.10,39.17
175000,21.05,39.30
176000,20.97,39.42
177000,20.91,39.50
178000,20.78,39.63
179000,20.73,39.76
180000,20.64,39.93
181000,20.55,40.05
182000,20.45,40.17
183000,20.36,40.33
184000,20.24,40.48
185000,20.15,40.64
186000,20.05,40.75
187000,19.89,40.85
188000,19.81,40.97
189000,19.69,41.11
190000,19.58,41.23
191000,19.46,41.40
192000,19.34,41.50
193000,19.27,41.59
194000,19.15,41.69
195000,19.02,41.84
196000,18.94,41.93
197000,18.87,42.04
198000,18.78,42.16
199000,18.76,42.29
200000,18.60,42.41
201000,18.50,42.53
202000,18.42,42.65
203000,18.32,42.77
204000,18.22,42.90
205000,18.13,42.99
206000,18.09,43.12
207000,17.97,43.24
208000,17.92,43.37
209000,17.84,43.49
210000,17.75,43.62
211000,17.70,43.71
212000,17.61,43.85
213000,17.55,43.96
214000,17.48,44.09
215000,17.42,44.21
216000,17.37,44.35
217000,17.28,44.48
218000,17.22,44.61
219000,17.20,44.71
220000,17.10,44.84
221000,17.05,44.97
222000,16.97,45.11
223000,16.96,45.23
224000,16.92,45.37
225000,16.86,45.47
226000,16.78,45.59
227000,16.71,45.71
228000,16.71,45.82
229000,16.62,45.90
230000,16.56,46.04
231000,16.47,46.19
232000,16.43,46.36
233000,16.37,46.50
234000,16.34,46.68
235000,16.25,46.83
236000,16.26,46.99
237000,16.19,47.12
238000,16.21,47.24
239000,16.15,47.37
240000,16.07,47.49
241000,16.02,47.54
242000,15.95,47.63
243000,15.88,47.77
244000,15.80,47.92
245000,15.75,48.00
246000,15.69,48.09
247000,15.67,48.20
248000,15.62,48.30
249000,15.61,48.40
250000,15.63,48.53
251000,15.58,48.63
252000,15.61,48.75
253000,15.65,48.86
254000,15.65,49.00
255000,15.62,49.12
256000,15.66,49.25
257000,15.63,49.37
258000,15.63,49.50
259000,15.63,49.62
260000,15.58,49.72
261000,15.52,49.86
262000,15.44,49.91
263000,15.38,49.98
264000,15.26,50.06
265000,15.19,50.19
266000,15.08,50.29
267000,15.02,50.40
268000,14.94,50.45
269000,14.83,50.54
270000,14.71,50.64
271000,14.62,50.74
272000,14.55,50.84
273000,14.47,50.97
274000,14.36,51.02
275000,14.22,51.07
276000,14.13,51.12
277000,14.00,51.19
278000,13.92,51.31
279000,13.89,51.44
280000,13.78,51.54
281000,13.69,51.64
282000,13.66,51.73
283000,13.59,51.82
284000,13.54,51.89
285000,13.52,51.99
286000,13.45,52.08
287000,13.39,52.18
288000,13.36,52.24
289000,13.31,52.35
290000,13.21,52.44
291000,13.17,52.53
292000,13.15,52.62
293000,13.09,52.71
294000,12.99,52.79
295000,12.91,52.83
296000,12.85,52.94
297000,12.77,53.04
298000,12.73,53.13
299000,12.66,53.23
300000,12.60,53.32
301000,12.54,53.44
302000,12.53,53.52
303000,12.49,53.62
304000,12.43,53.72
305000,12.41,53.82
306000,12.37,53.93
307000,12.33,54.02
308000,12.29,54.07
309000,12.23,54.16
310000,12.17,54.23
311000,12.06,54.27
312000,12.01,54.38
313000,11.89,54.48
314000,11.79,54.58
315000,11.68,54.57
316000,11.61,54.58
317000,11.50,54.65
318000,11.44,54.71
319000,11.35,54.78
320000,11.31,54.86
321000,11.25,54.96
322000,11.19,55.03
323000,11.15,55.08
324000,11.11,55.16
325000,11.03,55.19
326000,11.02,55.26
327000,10.97,55.35
328000,10.92,55.43
329000,10.84,55.50
330000,10.81,55.58
331000,10.80,55.66
332000,10.75,55.73
333000,10.76,55.81
334000,10.71,55.91
335000,10.68,55.98
336000,10.69,56.06
337000,10.67,56.15
338000,10.64,56.22
339000,10.65,56.31
340000,10.61,56.38
341000,10.56,56.46
342000,10.54,56.54
343000,10.51,56.65
344000,10.45,56.73
345000,10.43,56.83
346000,10.38,56.93
347000,10.40,57.04
348000,10.33,57.12
349000,10.31,57.22
350000,10.25,57.33
351000,10.23,57.41
352000,10.18,57.52
353000,10.14,57.63
354000,10.12,57.71
355000,10.07,57.80
356000,10.03,57.90
357000,10.01,57.99
358000,9.98,58.11
359000,9.94,58.20
360000,9.88,58.30
361000,9.86,58.39
362000,9.81,58.48
363000,9.74,58.57
364000,9.72,58.66
365000,9.69,58.74
366000,9.63,58.84
367000,9.62,58.94
368000,9.59,59.03
369000,9.58,59.10
370000,9.55,59.18
371000,9.49,59.26
372000,9.45,59.33
373000,9.43,59.40
374000,9.36,59.48
375000,9.35,59.59
376000,9.30,59.68
377000,9.28,59.78
378000,9.27,59.88
379000,9.21,59.98
380000,9.19,60.06
381000,9.16,60.17
382000,9.13,60.26
383000,9.08,60.34
384000,9.06,60.43
385000,8.99,60.51
386000,9.01,60.60
387000,8.94,60.68
388000,8.97,60.76
389000,8.91,60.84
390000,8.89,60.93
391000,8.93,61.01
392000,8.89,61.08
393000,8.89,61.13
394000,10.00,61.04
395000,11.75,60.88
396000,11.75,60.88
397000,14.35,60.51
398000,14.35,60.51
399000,16.39,60.04
400000,17.22,59.82
401000,17.62,59.74
402000,17.98,59.58
403000,18.30,59.39
404000,18.28,59.32
405000,18.36,59.08
406000,18.73,58.87
407000,19.06,58.69
408000,19.12,58.53
409000,19.57,58.26
410000,19.81,58.15
411000,19.79,58.14
412000,20.12,58.03
413000,20.54,57.94
414000,20.87,57.89
415000,20.83,57.84
416000,20.96,57.73
417000,21.36,57.51
418000,21.72,57.32
419000,21.72,57.16
420000,21.84,57.06
421000,21.96,56.91
422000,21.97,56.83
423000,21.88,56.78
424000,21.77,56.82
425000,21.85,56.87
426000,21.86,56.81
427000,21.69,56.74
428000,21.51,56.81
429000,21.24,56.84
430000,21.33,56.70
431000,21.51,56.54
432000,21.49,56.54
433000,21.38,56.43
434000,21.24,56.33
435000,21.53,56.14
436000,21.82,55.96
437000,22.13,55.70
438000,22.36,55.56
439000,22.55,55.39
440000,22.84,55.29
441000,22.73,55.19
442000,22.89,55.07
443000,23.00,54.94
444000,23.02,54.75
445000,23.06,54.49
446000,23.18,54.37
447000,23.34,54.33
448000,23.35,54.14
449000,23.30,54.02
450000,23.34,53.94
451000,23.40,53.91
452000,23.54,53.71
453000,23.77,53.56
454000,23.65,53.40
455000,23.56,53.25
456000,23.70,53.05
457000,23.76,52.94
458000,23.63,52.83
459000,23.73,52.59
460000,23.91,52.42
461000,24.04,52.28
462000,24.26,52.13
463000,24.35,52.02
464000,24.55,51.89
465000,24.68,51.80
466000,24.90,51.75
467000,25.03,51.66
468000,25.01,51.61
469000,24.95,51.43
470000,24.99,51.37
471000,24.93,51.25
472000,25.18,51.15
473000,25.12,51.04
474000,25.01,51.00
475000,24.84,50.99
476000,24.71,51.00
477000,24.47,50.89
478000,24.51,50.82
479000,24.36,50.88
480000,24.32,50.82
481000,24.27,50.85
482000,24.22,50.79
483000,24.50,50.74
484000,24.75,50.77
485000,24.75,50.68
486000,25.03,50.48
487000,25.28,50.32
488000,25.48,50.23
489000,25.59,50.10
490000,25.77,50.00
491000,25.88,49.88
492000,25.98,49.74
493000,25.91,49.66
494000,25.82,49.57
495000,25.75,49.50
496000,25.55,49.47
497000,25.39,49.33
498000,25.43,49.24
499000,25.49,49.18
500000,25.24,49.13
501000,25.19,49.02
502000,25.24,48.96
503000,25.26,48.82
504000,25.17,48.79
505000,25.33,48.51
506000,25.66,48.29
507000,25.84,48.18
508000,25.98,47.99
509000,26.07,47.82
510000,26.16,47.70
511000,26.08,47.73
512000,25.92,47.73
513000,25.89,47.74
514000,25.76,47.70
515000,25.67,47.69
516000,25.59,47.60
517000,25.70,47.56
518000,25.78,47.52
519000,25.72,47.47
520000,25.73,47.41
521000,25.86,47.34
522000,26.04,47.23
523000,26.20,47.22
524000,26.21,47.22
525000,26.20,47.18
526000,26.36,47.09
527000,26.43,47.13
528000,26.46,47.07
529000,26.54,46.95
530000,26.60,46.79
531000,26.82,46.64
532000,26.95,46.51
533000,26.95,46.48
534000,26.87,46.40
535000,26.80,46.38
536000,26.75,46.27
537000,26.75,46.11
538000,26.90,45.96
539000,27.08,45.84
540000,27.20,45.74
541000,27.29,45.69
542000,27.31,45.58
543000,27.42,45.50
544000,27.34,45.47
545000,27.32,45.42
546000,27.25,45.39
547000,27.22,45.25
548000,27.47,45.10
549000,27.74,45.02
550000,27.98,44.90
551000,28.21,44.89
552000,28.27,44.84
553000,28.35,44.75
554000,28.44,44.71
555000,28.39,44.64
556000,28.36,44.63
557000,28.28,44.53
558000,28.37,44.46
559000,28.22,44.45
560000,28.08,44.37
561000,28.23,44.25
562000,28.43,44.20
563000,28.56,44.09
564000,28.70,44.01
565000,28.77,44.02
566000,28.67,44.00
567000,28.75,43.93
568000,28.72,43.97
569000,28.62,43.95
570000,28.67,43.80
571000,28.87,43.67
572000,28.92,43.65
573000,29.04,43.54
574000,29.10,43.48
575000,29.19,43.40
576000,29.22,43.35
577000,29.23,43.28
578000,29.25,43.18
579000,29.32,43.14
580000,29.39,43.07
581000,29.48,42.99
582000,29.52,42.95
583000,29.71,42.82
584000,29.93,42.68
585000,30.20,42.58
586000,30.34,42.57
587000,30.41,42.54
588000,30.43,42.54
589000,30.38,42.52
590000,30.35,42.39
591000,30.42,42.28
592000,30.42,42.21
593000,30.38,42.11
594000,30.55,42.03
595000,30.62,41.97
596000,30.86,41.81
597000,31.14,41.69
598000,31.41,41.55
599000,31.70,41.42
600000,31.99,41.31
601000,32.19,41.25
602000,32.24,41.18
603000,32.32,41.15
604000,32.29,41.00
605000,32.42,40.91
606000,32.51,40.86
607000,32.50,40.79
608000,32.59,40.73
609000,32.52,40.70
610000,32.36,40.63
611000,32.46,40.59
612000,32.56,40.60
613000,32.52,40.69
614000,32.35,40.67
615000,32.38,40.57
616000,32.49,40.47
617000,32.68,40.38
618000,32.79,40.37
619000,32.88,40.37
620000,32.99,40.33
621000,33.21,40.26
622000,33.42,40.14
623000,33.64,40.02
624000,33.87,39.90
625000,33.93,39.90
626000,33.95,39.82
627000,34.09,39.73
628000,34.24,39.64
629000,34.41,39.56
630000,34.51,39.54
631000,34.63,39.42
632000,34.79,39.33
633000,34.99,39.28
634000,35.13,39.19
635000,35.34,39.07
636000,35.52,38.94
637000,35.84,38.85
638000,36.09,38.77
639000,36.32,38.70
640000,36.42,38.60
641000,36.51,38.55
642000,36.53,38.46
643000,36.62,38.40
644000,36.74,38.29
645000,36.82,38.27
646000,36.84,38.29
647000,36.74,38.27
648000,36.62,38.27
649000,36.58,38.21
650000,36.54,38.11
651000,36.70,38.07
652000,36.87,38.02
653000,37.03,37.90
654000,37.24,37.82
655000,37.51,37.76
656000,37.61,37.69
657000,37.72,37.69
658000,37.81,37.67
659000,37.76,37.65
660000,37.82,37.56
661000,38.14,37.42
662000,38.38,37.31
663000,38.57,37.24
664000,38.76,37.22
665000,38.83,37.19
666000,38.77,37.16
667000,38.66,37.21
668000,38.45,37.20
669000,38.37,37.14
670000,38.30,37.11
671000,38.28,37.04
672000,38.27,36.99
673000,38.24,36.93
674000,38.35,36.83
675000,38.49,36.72
676000,38.74,36.63
677000,38.92,36.54
678000,39.16,36.47
679000,39.39,36.39
680000,39.52,36.41
681000,39.53,36.42
682000,39.45,36.36
683000,39.36,36.29
684000,39.46,36.21
685000,39.45,36.14
686000,39.59,36.10
687000,39.63,36.03
688000,39.83,35.98
689000,39.92,35.93
690000,40.01,35.87
691000,40.06,35.81
692000,40.16,35.74
693000,40.45,35.64
694000,40.80,35.56
695000,41.31,35.43
696000,41.94,35.29
697000,42.69,35.21
698000,43.25,35.17
699000,43.65,35.08
700000,44.23,34.95
701000,44.70,34.83
702000,45.13,34.75
703000,45.67,34.65
704000,46.18,34.54
705000,46.64,34.52
706000,46.98,34.38
707000,47.43,34.29
708000,47.88,34.21
709000,48.23,34.18
710000,48.45,34.12
711000,48.75,34.01
712000,49.05,33.95
713000,49.35,33.86
714000,49.71,33.77
715000,49.98,33.69
716000,50.35,33.66
717000,50.65,33.68
718000,50.84,33.62
719000,51.05,33.55
720000,51.31,33.50
721000,51.57,33.41
722000,51.76,33.36
723000,52.01,33.28
724000,52.28,33.20
725000,52.52,33.13
726000,52.73,33.13
727000,52.86,33.08
728000,53.07,33.05
729000,53.18,32.98
730000,53.26,32.92
731000,53.41,32.83
732000,53.60,32.76
733000,53.78,32.68
734000,53.97,32.64
735000,54.09,32.61
736000,54.14,32.58
737000,54.24,32.49
738000,54.40,32.44
739000,54.54,32.41
740000,54.68,32.36
741000,54.84,32.37
742000,54.98,32.32
743000,55.15,32.25
744000,55.38,32.17
745000,55.69,32.11
746000,56.04,32.02
747000,56.51,31.95
748000,56.95,31.87
749000,57.27,31.82
750000,57.54,31.76
751000,57.82,31.70
752000,58.16,31.63
753000,58.55,31.59
754000,58.79,31.56
755000,58.91,31.52
756000,58.96,31.49
757000,59.11,31.43
758000,59.36,31.37
759000,59.56,31.32
760000,59.73,31.29
761000,59.89,31.22
762000,60.10,31.17
763000,60.27,31.13
764000,60.44,31.03
765000,60.64,31.00
766000,60.74,30.98
767000,60.77,30.91
768000,60.84,30.88
769000,60.94,30.92
770000,60.93,30.97
771000,60.81,30.95
772000,60.85,30.95
773000,60.85,30.96
774000,60.86,30.90
775000,60.92,30.80
776000,61.12,30.79
777000,61.21,30.79
778000,61.33,30.66
779000,61.58,30.58
780000,61.98,30.48
781000,62.31,30.40
782000,62.60,30.34
783000,62.80,30.25
784000,63.04,30.18
785000,63.28,30.11
786000,63.40,30.05
787000,63.50,30.00
788000,63.61,29.93
789000,63.68,29.93
790000,63.73,29.91
791000,63.66,29.87
792000,63.57,29.88
793000,63.43,29.89
794000,63.33,29.83
795000,63.24,29.76
796000,63.34,29.74
797000,63.49,29.70
798000,63.70,29.66
799000,63.89,29.62
800000,64.08,29.57
801000,64.29,29.55
802000,64.35,29.55
803000,64.29,29.53
804000,64.38,29.48
805000,64.49,29.41
806000,64.63,29.36
807000,64.76,29.30
808000,64.90,29.25
809000,65.03,29.22
810000,65.11,29.18
811000,65.24,29.14
812000,65.36,29.08
813000,65.46,29.07
814000,65.55,29.10
815000,65.54,29.05
816000,65.49,29.02
817000,65.54,28.99
818000,65.66,28.99
819000,65.82,28.98
820000,65.91,28.97
821000,65.94,28.96
822000,65.99,28.94
823000,65.99,28.93
824000,66.10,28.89
825000,66.28,28.86
826000,66.49,28.82
827000,66.66,28.82
828000,66.82,28.82
829000,66.98,28.83
830000,67.14,28.79
831000,67.31,28.73
832000,67.49,28.74
833000,67.53,28.73
834000,67.57,28.67
835000,67.71,28.64
836000,67.73,28.63
837000,67.77,28.62
838000,67.79,28.58
839000,67.94,28.54
840000,68.13,28.46
841000,68.47,28.41
842000,68.82,28.36
843000,69.09,28.38
844000,69.26,28.35
845000,69.34,28.30
846000,69.41,28.31
847000,69.52,28.29
848000,69.53,28.30
849000,69.64,28.28
850000,69.72,28.24
851000,69.82,28.27
852000,69.85,28.21
853000,69.97,28.21
854000,70.03,28.19
855000,70.06,28.20
856000,70.04,28.19
857000,70.00,28.15
858000,69.96,28.08
859000,69.93,28.06
860000,69.93,28.08
861000,69.89,28.03
862000,69.93,28.01
863000,69.92,27.97
864000,69.95,28.02
865000,69.86,28.01
866000,69.84,27.97
867000,69.96,27.95
868000,70.22,27.95
869000,70.34,27.93
870000,70.52,27.86
871000,70.76,27.83
872000,71.06,27.81
873000,71.25,27.78
874000,71.38,27.75
875000,71.53,27.75
876000,71.63,27.73
877000,71.73,27.69
878000,71.86,27.65
879000,71.97,27.62
880000,72.11,27.64
881000,72.16,27.60
882000,72.22,27.58
883000,72.11,27.55
884000,72.08,27.54
885000,72.08,27.50
886000,72.17,27.50
887000,72.15,27.51
888000,72.06,27.52
889000,71.93,27.50
890000,71.91,27.51
891000,71.90,27.50
892000,72.01,27.45
893000,72.09,27.44
894000,72.14,27.42
895000,72.13,27.43
896000,72.05,27.40
897000,72.06,27.39
898000,71.99,27.41
899000,71.93,27.41
900000,71.79,27.43
901000,71.68,27.44
902000,71.60,27.45
903000,71.58,27.45
904000,71.60,27.38
905000,71.70,27.35
906000,71.88,27.32
907000,72.18,27.28
908000,72.53,27.29
909000,72.70,27.27
910000,72.77,27.28
911000,72.92,27.30
912000,73.01,27.26
913000,73.19,27.19
914000,73.37,27.18
915000,73.56,27.16
916000,73.67,27.16
917000,73.81,27.14
918000,73.93,27.08
919000,74.13,27.02
920000,74.31,27.01
921000,74.37,27.00
922000,74.44,26.98
923000,74.41,26.96
924000,74.40,26.93
925000,74.43,26.92
926000,74.44,26.88
927000,74.53,26.84
928000,74.66,26.83
929000,74.77,26.80
930000,74.81,26.79
931000,74.75,26.76
932000,74.78,26.70
933000,74.76,26.67
934000,74.76,26.67
935000,74.75,26.65
936000,74.76,26.62
937000,74.82,26.60
938000,74.81,26.59
939000,74.83,26.55
940000,74.90,26.51
941000,74.93,26.47
942000,74.91,26.44
943000,74.92,26.38
944000,74.97,26.35
945000,74.80,26.31
946000,74.59,26.32
947000,74.35,26.28
948000,74.13,26.24
949000,73.97,26.21
950000,73.65,26.21
951000,73.18,26.16
952000,72.74,26.11
953000,72.37,26.10
954000,71.99,26.05
955000,71.62,26.01
956000,71.26,25.98
957000,70.94,25.94
958000,70.66,25.93
959000,70.22,25.91
960000,69.81,25.88
961000,69.52,25.84
962000,69.41,25.78
963000,69.34,25.76
964000,69.30,25.72
965000,69.22,25.72
966000,69.19,25.68
967000,69.06,25.64
968000,68.87,25.62
969000,68.85,25.59
970000,68.80,25.55
971000,68.71,25.52
972000,68.63,25.46
973000,68.59,25.44
974000,68.54,25.40
975000,68.70,25.38
976000,68.81,25.31
977000,68.99,25.31
978000,68.94,25.29
979000,68.82,25.25
980000,68.76,25.19
981000,68.88,25.18
982000,68.92,25.15
983000,68.92,25.14
984000,68.87,25.10
985000,68.84,25.12
986000,68.75,25.10
987000,68.64,25.08
988000,68.49,25.10
989000,68.31,25.10
990000,68.09,25.12
991000,67.87,25.12
992000,67.66,25.10
993000,67.55,25.08
994000,67.60,25.07
995000,67.67,25.02
996000,67.92,25.01
997000,68.12,24.96
998000,68.37,24.95
999000,68.55,24.92
1000000,68.78,24.87
1001000,68.94,24.86
1002000,69.16,24.84
1003000,69.37,24.81
1004000,69.53,24.78
1005000,69.52,24.79
1006000,69.32,24.74
1007000,68.97,24.73
1008000,68.78,24.70
1009000,68.80,24.67
1010000,68.95,24.65
1011000,69.13,24.61
1012000,69.37,24.61
1013000,69.62,24.59
1014000,69.95,24.59
1015000,70.33,24.57
1016000,70.66,24.56
1017000,71.02,24.55
1018000,71.19,24.52
1019000,71.35,24.51
1020000,71.32,24.50
1021000,71.22,24.50
1022000,70.97,24.49
1023000,70.82,24.48
1024000,70.71,24.47
1025000,70.66,24.43
1026000,70.61,24.45
1027000,70.67,24.42
1028000,70.73,24.40
1029000,70.81,24.39
1030000,70.94,24.38
1031000,71.10,24.37
1032000,71.23,24.37
1033000,71.38,24.34
1034000,71.56,24.35
1035000,71.79,24.34
1036000,71.93,24.36
1037000,72.08,24.32
1038000,72.19,24.28
1039000,72.20,24.21
1040000,72.13,24.19
1041000,72.00,24.13
1042000,71.82,24.11
1043000,71.39,24.08
1044000,70.70,24.07
1045000,70.04,24.07
1046000,69.27,24.01
