--- ARDUINO 2: SENSOR BMP180 ---
Sensor BMP180 inicializado correctamente.
Tiempo(ms),Temp_BMP180(C)
1000,25.40
2000,25.40
3000,25.40
4000,25.40
5000,25.40
6000,25.40
7000,25.40
8000,25.40
9000,25.40
10000,25.40
11000,25.40
12000,25.40
13000,25.40
14000,25.40
15000,25.40
16000,25.40
17000,25.50
18000,25.50
19000,25.50
20000,25.50
21000,25.60
22000,25.60
23000,25.60
24000,25.70
25000,25.70
26000,25.80
27000,25.80
28000,25.80
29000,25.90
30000,25.90
31000,26.00
32000,26.00
33000,26.00
34000,26.00
35000,26.00
36000,26.00
37000,26.10
38000,26.10
39000,26.20
40000,26.20
41000,26.20
42000,26.30
43000,26.30
44000,26.40
45000,26.40
46000,26.40
47000,26.50
48000,26.50
49000,26.50
50000,26.60
51000,26.60
52000,26.70
53000,26.70
54000,26.80
55000,26.80
56000,26.90
57000,26.90
58000,27.00
59000,27.00
60000,27.10
61000,27.10
62000,27.20
63000,27.20
64000,27.30
65000,27.40
66000,27.40
67000,27.50
68000,27.50
69000,27.60
70000,27.70
71000,27.80
72000,27.80
73000,27.90
74000,28.00
75000,28.00
76000,28.10
77000,28.10
78000,28.20
79000,28.20
80000,28.30
81000,28.40
82000,28.40
83000,28.50
84000,28.50
85000,28.60
86000,28.60
87000,28.70
88000,28.80
89000,28.80
90000,28.90
91000,29.00
92000,29.10
93000,29.20
94000,29.20
95000,29.30
96000,29.30
97000,29.40
98000,29.50
99000,29.60
100000,29.60
101000,29.70
102000,29.80
103000,29.90
104000,29.90
105000,30.00
106000,30.10
107000,30.20
108000,30.30
109000,30.30
110000,30.40
111000,30.50
112000,30.60
113000,30.60
114000,30.70
115000,30.80
116000,30.90
117000,31.00
118000,31.00
119000,31.10
120000,31.10
121000,31.20
122000,31.30
123000,31.40
124000,31.40
125000,31.50
126000,31.60
127000,31.70
128000,31.80
129000,31.80
130000,31.90
131000,32.00
132000,32.00
133000,32.10
134000,32.20
135000,32.30
136000,32.30
137000,32.40
138000,32.50
139000,32.70
140000,32.70
141000,32.80
142000,32.90
143000,33.00
144000,33.00
145000,33.10
146000,33.20
147000,33.30
148000,33.40
149000,33.40
150000,33.40
151000,33.50
152000,33.70
153000,33.80
154000,33.80
155000,34.00
156000,34.10
157000,34.20
158000,34.30
159000,34.40
160000,34.50
161000,34.60
162000,34.70
163000,34.80
164000,34.90
165000,34.90
166000,35.00
167000,35.10
168000,35.20
169000,35.30
170000,35.40
171000,35.50
172000,35.60
173000,35.70
174000,35.70
175000,35.80
176000,35.90
177000,36.00
178000,36.10
179000,36.20
180000,36.30
181000,36.40
182000,36.50
183000,36.60
184000,36.70
185000,36.70
186000,36.80
187000,36.90
188000,37.00
189000,37.10
190000,37.20
191000,37.30
192000,37.40
193000,37.40
194000,37.50
195000,37.60
196000,37.70
197000,37.80
198000,37.90
199000,38.00
200000,38.10
201000,38.20
202000,38.30
203000,38.40
204000,38.50
205000,38.50
206000,38.60
207000,38.70
208000,38.80
209000,38.90
210000,39.00
211000,39.10
212000,39.20
213000,39.20
214000,39.30
215000,39.40
216000,39.50
217000,39.60
218000,39.70
219000,39.70
220000,39.80
221000,39.90
222000,40.00
223000,40.10
224000,40.20
225000,40.20
226000,40.30
227000,40.50
228000,40.50
229000,40.50
230000,40.70
231000,40.80
232000,40.90
233000,40.90
234000,41.00
235000,41.10
236000,41.20
237000,41.20
238000,41.30
239000,41.40
240000,41.50
241000,41.50
242000,41.60
243000,41.60
244000,41.70
245000,41.80
246000,41.90
247000,42.00
248000,42.00
249000,42.10
250000,42.20
251000,42.30
252000,42.30
253000,42.40
254000,42.50
255000,42.50
256000,42.60
257000,42.70
258000,42.80
259000,42.80
260000,42.80
261000,43.00
262000,43.00
263000,43.10
264000,43.20
265000,43.30
266000,43.30
267000,43.30
268000,43.40
269000,43.50
270000,43.60
271000,43.60
272000,43.80
273000,43.80
274000,43.90
275000,44.00
276000,44.00
277000,44.00
278000,44.10
279000,44.20
280000,44.30
281000,44.40
282000,44.40
283000,44.50
284000,44.60
285000,44.70
286000,44.70
287000,44.80
288000,44.90
289000,45.00
290000,45.00
291000,45.10
292000,45.20
293000,45.30
294000,45.30
295000,45.40
296000,45.50
297000,45.50
298000,45.60
299000,45.70
300000,45.80
301000,45.80
302000,45.90
303000,46.00
304000,46.00
305000,46.10
306000,46.20
307000,46.30
308000,46.30
309000,46.40
310000,46.40
311000,46.40
312000,46.60
313000,46.60
314000,46.60
315000,46.60
316000,46.60
317000,46.70
318000,46.80
319000,46.90
320000,46.90
321000,47.00
322000,47.10
323000,47.20
324000,47.20
325000,47.30
326000,47.40
327000,47.40
328000,47.50
329000,47.60
330000,47.60
331000,47.70
332000,47.70
333000,47.80
334000,47.90
335000,47.90
336000,48.00
337000,48.10
338000,48.20
339000,48.20
340000,48.30
341000,48.30
342000,48.40
343000,48.50
344000,48.60
345000,48.60
346000,48.70
347000,48.80
348000,48.80
349000,48.90
350000,49.00
351000,49.10
352000,49.10
353000,49.20
354000,49.30
355000,49.30
356000,49.40
357000,49.50
358000,49.60
359000,49.60
360000,49.70
361000,49.80
362000,49.80
363000,49.90
364000,50.00
365000,50.00
366000,50.10
367000,50.20
368000,50.20
369000,50.30
370000,50.40
371000,50.40
372000,50.50
373000,50.60
374000,50.60
375000,50.70
376000,50.80
377000,50.80
378000,50.90
379000,51.00
380000,51.00
381000,51.10
382000,51.20
383000,51.20
384000,51.30
385000,51.40
386000,51.40
387000,51.50
388000,51.60
389000,51.60
390000,51.70
391000,51.80
392000,51.80
393000,51.80
394000,51.90
395000,51.80
396000,51.90
397000,51.90
398000,51.70
399000,51.60
400000,51.60
401000,51.80
402000,51.90
403000,52.10
404000,52.30
405000,52.40
406000,52.60
407000,52.70
408000,52.90
409000,52.80
410000,52.90
411000,53.00
412000,53.10
413000,53.30
414000,53.40
415000,53.50
416000,53.50
417000,53.50
418000,53.60
419000,53.70
420000,53.80
421000,53.90
422000,54.00
423000,54.10
424000,54.20
425000,54.40
426000,54.50
427000,54.60
428000,54.70
429000,54.70
430000,54.80
431000,54.80
432000,54.90
433000,55.00
434000,55.20
435000,55.20
436000,55.20
437000,55.30
438000,55.30
439000,55.30
440000,55.30
441000,55.30
442000,55.40
443000,55.40
444000,55.30
445000,55.30
446000,55.40
447000,55.40
448000,55.30
449000,55.40
450000,55.50
451000,55.50
452000,55.50
453000,55.70
454000,55.70
455000,55.80
456000,55.80
457000,55.90
458000,56.10
459000,56.10
460000,56.20
461000,56.20
462000,56.10
463000,56.20
464000,56.10
465000,56.00
466000,56.10
467000,56.20
468000,56.10
469000,56.10
470000,56.10
471000,56.10
472000,56.30
473000,56.20
474000,56.30
475000,56.40
476000,56.40
477000,56.50
478000,56.50
479000,56.50
480000,56.50
481000,56.40
482000,56.40
483000,56.40
484000,56.40
485000,56.30
486000,56.40
487000,56.40
488000,56.30
489000,56.30
490000,56.20
491000,56.20
492000,56.10
493000,56.00
494000,56.10
495000,56.00
496000,56.00
497000,56.00
498000,55.90
499000,55.80
500000,55.70
501000,55.80
502000,55.80
503000,55.80
504000,55.70
505000,55.70
506000,55.60
507000,55.60
508000,55.50
509000,55.50
510000,55.50
511000,55.40
512000,55.30
513000,55.30
514000,55.20
515000,55.20
516000,55.20
517000,55.10
518000,55.00
519000,55.00
520000,54.90
521000,54.90
522000,54.90
523000,54.90
524000,54.80
525000,54.80
526000,54.80
527000,54.80
528000,54.80
529000,54.70
530000,54.60
531000,54.50
532000,54.40
533000,54.40
534000,54.30
535000,54.20
536000,54.20
537000,54.10
538000,54.10
539000,54.00
540000,53.90
541000,53.90
542000,53.80
543000,53.80
544000,53.80
545000,53.70
546000,53.60
547000,53.50
548000,53.50
549000,53.40
550000,53.30
551000,53.20
552000,53.10
553000,53.00
554000,52.90
555000,52.90
556000,52.80
557000,52.70
558000,52.60
559000,52.50
560000,52.50
561000,52.40
562000,52.30
563000,52.30
564000,52.20
565000,52.20
566000,52.20
567000,52.10
568000,52.10
569000,52.00
570000,52.00
571000,52.00
572000,51.90
573000,51.90
574000,51.80
575000,51.80
576000,51.70
577000,51.70
578000,51.60
579000,51.50
580000,51.40
581000,51.40
582000,51.40
583000,51.30
584000,51.30
585000,51.30
586000,51.20
587000,51.20
588000,51.10
589000,51.00
590000,51.00
591000,50.90
592000,50.90
593000,50.90
594000,50.80
595000,50.80
596000,50.70
597000,50.60
598000,50.50
599000,50.40
600000,50.40
601000,50.30
602000,50.30
603000,50.20
604000,50.10
605000,50.10
606000,50.00
607000,49.90
608000,49.80
609000,49.80
610000,49.80
611000,49.70
612000,49.70
613000,49.60
614000,49.60
615000,49.50
616000,49.50
617000,49.40
618000,49.40
619000,49.30
620000,49.10
621000,49.00
622000,49.00
623000,48.90
624000,48.90
625000,48.80
626000,48.70
627000,48.60
628000,48.50
629000,48.50
630000,48.40
631000,48.40
632000,48.30
633000,48.30
634000,48.20
635000,48.10
636000,48.00
637000,47.90
638000,47.90
639000,47.90
640000,47.80
641000,47.80
642000,47.70
643000,47.60
644000,47.60
645000,47.60
646000,47.50
647000,47.50
648000,47.40
649000,47.30
650000,47.30
651000,47.20
652000,47.10
653000,47.10
654000,47.10
655000,47.00
656000,47.00
657000,46.90
658000,46.80
659000,46.70
660000,46.70
661000,46.60
662000,46.50
663000,46.50
664000,46.50
665000,46.50
666000,46.40
667000,46.30
668000,46.30
669000,46.20
670000,46.20
671000,46.10
672000,46.10
673000,46.10
674000,46.10
675000,46.00
676000,45.90
677000,45.90
678000,45.80
679000,45.80
680000,45.70
681000,45.60
682000,45.60
683000,45.50
684000,45.50
685000,45.50
686000,45.50
687000,45.40
688000,45.40
689000,45.40
690000,45.30
691000,45.20
692000,45.10
693000,45.00
694000,44.90
695000,44.90
696000,44.80
697000,44.70
698000,44.70
699000,44.60
700000,44.60
701000,44.50
702000,44.50
703000,44.40
704000,44.30
705000,44.30
706000,44.20
707000,44.20
708000,44.10
709000,44.00
710000,43.90
711000,43.80
712000,43.70
713000,43.70
714000,43.60
715000,43.50
716000,43.50
717000,43.40
718000,43.30
719000,43.30
720000,43.20
721000,43.20
722000,43.10
723000,43.10
724000,43.10
725000,43.00
726000,43.00
727000,42.90
728000,42.80
729000,42.80
730000,42.80
731000,42.70
732000,42.70
733000,42.60
734000,42.60
735000,42.50
736000,42.50
737000,42.40
738000,42.40
739000,42.30
740000,42.30
741000,42.20
742000,42.10
743000,42.00
744000,41.90
745000,41.80
746000,41.80
747000,41.70
748000,41.70
749000,41.70
750000,41.60
751000,41.60
752000,41.50
753000,41.50
754000,41.40
755000,41.40
756000,41.30
757000,41.20
758000,41.20
759000,41.20
760000,41.10
761000,41.10
762000,41.00
763000,41.00
764000,41.00
765000,41.00
766000,40.90
767000,40.90
768000,40.90
769000,40.90
770000,40.80
771000,40.80
772000,40.70
773000,40.70
774000,40.60
775000,40.60
776000,40.50
777000,40.40
778000,40.40
779000,40.40
780000,40.30
781000,40.30
782000,40.20
783000,40.20
784000,40.10
785000,40.10
786000,40.10
787000,40.00
788000,40.00
789000,39.90
790000,39.90
791000,39.90
792000,39.80
793000,39.70
794000,39.70
795000,39.60
796000,39.60
797000,39.50
798000,39.50
799000,39.50
800000,39.40
801000,39.30
802000,39.30
803000,39.20
804000,39.10
805000,39.10
806000,39.00
807000,39.00
808000,38.90
809000,38.80
810000,38.80
811000,38.80
812000,38.80
813000,38.80
814000,38.70
815000,38.70
816000,38.70
817000,38.60
818000,38.60
819000,38.60
820000,38.60
821000,38.50
822000,38.40
823000,38.40
824000,38.40
825000,38.40
826000,38.30
827000,38.30
828000,38.20
829000,38.20
830000,38.20
831000,38.10
832000,38.10
833000,38.10
834000,38.10
835000,38.10
836000,38.00
837000,37.90
838000,37.90
839000,37.90
840000,37.80
841000,37.80
842000,37.80
843000,37.70
844000,37.70
845000,37.70
846000,37.60
847000,37.60
848000,37.60
849000,37.50
850000,37.50
851000,37.50
852000,37.40
853000,37.40
854000,37.40
855000,37.30
856000,37.30
857000,37.30
858000,37.30
859000,37.20
860000,37.20
861000,37.20
862000,37.10
863000,37.00
864000,37.00
865000,37.00
866000,36.90
867000,36.90
868000,36.90
869000,36.90
870000,36.80
871000,36.80
872000,36.70
873000,36.70
874000,36.60
875000,36.60
876000,36.60
877000,36.60
878000,36.60
879000,36.50
880000,36.50
881000,36.50
882000,36.50
883000,36.40
884000,36.40
885000,36.40
886000,36.40
887000,36.30
888000,36.30
889000,36.20
890000,36.20
891000,36.20
892000,36.20
893000,36.20
894000,36.10
895000,36.10
896000,36.10
897000,36.10
898000,36.00
899000,36.00
900000,36.00
901000,36.00
902000,35.90
903000,35.90
904000,35.90
905000,35.80
906000,35.80
907000,35.80
908000,35.80
909000,35.70
910000,35.70
911000,35.70
912000,35.70
913000,35.60
914000,35.60
915000,35.50
916000,35.50
917000,35.40
918000,35.40
919000,35.40
920000,35.40
921000,35.30
922000,35.30
923000,35.30
924000,35.20
925000,35.10
926000,35.10
927000,35.00
928000,34.90
929000,34.90
930000,34.80
931000,34.70
932000,34.70
933000,34.60
934000,34.60
935000,34.50
936000,34.50
937000,34.40
938000,34.40
939000,34.30
940000,34.20
941000,34.20
942000,34.10
943000,34.10
944000,34.00
945000,34.00
946000,33.90
947000,33.90
948000,33.80
949000,33.80
950000,33.70
951000,33.70
952000,33.60
953000,33.60
954000,33.50
955000,33.40
956000,33.40
957000,33.40
958000,33.30
959000,33.30
960000,33.30
961000,33.20
962000,33.10
963000,33.10
964000,33.10
965000,33.00
966000,32.90
967000,32.90
968000,32.90
969000,32.80
970000,32.80
971000,32.70
972000,32.70
973000,32.60
974000,32.60
975000,32.60
976000,32.50
977000,32.50
978000,32.40
979000,32.40
980000,32.40
981000,32.30
982000,32.30
983000,32.20
984000,32.20
985000,32.20
986000,32.10
987000,32.10
988000,32.00
989000,32.00
990000,32.00
991000,31.90
992000,31.90
993000,31.90
994000,31.80
995000,31.80
996000,31.80
997000,31.70
998000,31.70
999000,31.70
1000000,31.60
1001000,31.60
1002000,31.50
1003000,31.50
1004000,31.50
1005000,31.40
1006000,31.40
1007000,31.40
1008000,31.30
1009000,31.30
1010000,31.30
1011000,31.20
1012000,31.20
1013000,31.20
1014000,31.20
1015000,31.10
1016000,31.10
1017000,31.10
1018000,31.10
1019000,31.00
1020000,31.00
1021000,31.00
1022000,30.90
1023000,30.90
1024000,30.90
1025000,30.80
1026000,30.80
1027000,30.80
1028000,30.70
1029000,30.70
1030000,30.70
1031000,30.60
1032000,30.60
1033000,30.60
1034000,30.50
1035000,30.50
1036000,30.50
1037000,30.50
1038000,30.40
1039000,30.30
1040000,30.30
1041000,30.20
